Problem  LF10


G =

   (1,1)        3.534480000000000e+00
   (2,1)       -4.771548000000000e+02
   (3,1)        1.767240000000000e+00
   (1,2)       -4.771548000000000e+02
   (2,2)        1.717757280000000e+05
   (4,2)       -8.588786400000000e+04
   (5,2)        4.771548000000000e+02
   (1,3)        1.767240000000000e+00
   (3,3)        7.068960000000001e+00
   (4,3)       -4.771548000000000e+02
   (5,3)        1.767240000000000e+00
   (2,4)       -8.588786400000000e+04
   (3,4)       -4.771548000000000e+02
   (4,4)        1.717757280000000e+05
   (6,4)       -8.588786400000000e+04
   (7,4)        4.771548000000000e+02
   (2,5)        4.771548000000000e+02
   (3,5)        1.767240000000000e+00
   (5,5)        7.068960000000001e+00
   (6,5)       -4.771548000000000e+02
   (7,5)        1.767240000000000e+00
   (4,6)       -8.588786400000000e+04
   (5,6)       -4.771548000000000e+02
   (6,6)        1.717757280000000e+05
   (8,6)       -8.588786400000000e+04
   (9,6)        4.771548000000000e+02
   (4,7)        4.771548000000000e+02
   (5,7)        1.767240000000000e+00
   (7,7)        7.068960000000001e+00
   (8,7)       -4.771548000000000e+02
   (9,7)        1.767240000000000e+00
   (6,8)       -8.588786400000000e+04
   (7,8)       -4.771548000000000e+02
   (8,8)        1.717757280000000e+05
  (10,8)       -8.588786400000000e+04
  (11,8)        4.771548000000000e+02
   (6,9)        4.771548000000000e+02
   (7,9)        1.767240000000000e+00
   (9,9)        7.068960000000001e+00
  (10,9)       -4.771548000000000e+02
  (11,9)        1.767240000000000e+00
   (8,10)      -8.588786400000000e+04
   (9,10)      -4.771548000000000e+02
  (10,10)       1.717757280000000e+05
  (12,10)      -8.588786400000000e+04
  (13,10)       4.771548000000000e+02
   (8,11)       4.771548000000000e+02
   (9,11)       1.767240000000000e+00
  (11,11)       7.068960000000001e+00
  (12,11)      -4.771548000000000e+02
  (13,11)       1.767240000000000e+00
  (10,12)      -8.588786400000000e+04
  (11,12)      -4.771548000000000e+02
  (12,12)       1.717757280000000e+05
  (14,12)      -8.588786400000000e+04
  (15,12)       4.771548000000000e+02
  (10,13)       4.771548000000000e+02
  (11,13)       1.767240000000000e+00
  (13,13)       7.068960000000001e+00
  (14,13)      -4.771548000000000e+02
  (15,13)       1.767240000000000e+00
  (12,14)      -8.588786400000000e+04
  (13,14)      -4.771548000000000e+02
  (14,14)       1.717757280000000e+05
  (16,14)      -8.588786400000000e+04
  (17,14)       4.771548000000000e+02
  (12,15)       4.771548000000000e+02
  (13,15)       1.767240000000000e+00
  (15,15)       7.068960000000001e+00
  (16,15)      -4.771548000000000e+02
  (17,15)       1.767240000000000e+00
  (14,16)      -8.588786400000000e+04
  (15,16)      -4.771548000000000e+02
  (16,16)       1.717757280000000e+05
  (18,16)       4.771548000000000e+02
  (14,17)       4.771548000000000e+02
  (15,17)       1.767240000000000e+00
  (17,17)       7.068960000000001e+00
  (18,17)       1.767240000000000e+00
  (16,18)       4.771548000000000e+02
  (17,18)       1.767240000000000e+00
  (18,18)       3.534480000000000e+00


Task:
1. Write C program, which will realise the the matrix/vector
   multiplication G*b with G formed as the full matrix (without
   exploiting the sparsity) in two versions:
   a) fully sequential,
   b) using the broadcasting technique in the OpenMPI
      environment. Take vector b constructed as follows:
      b = [ 1, 2, 1, 2, ... , 1, 2, 1, 2 ]^T
2. Write C program, which will realise the the matrix/vector
   multiplication G*b with G formed expoliting the sparsity in
   two versions:
   a) fully sequential,
   b) using the broadcasting technique in the OpenMPI
      environment. Take vector b constructed as follows:
      b = [ 1, 2, 1, 2, ... , 1, 2, 1, 2 ]^T
3. Compare execution times for all four versions.

